184435.000000
716.852884
1971.282651
660.436003
3135.775456
1695.437398
841.775565
1043.801597
1383.084437
1890.778139
3206.169814
3218.619953
16291.344344
2973.669643
13174.647684
1850.898478
1189.812085
1315.847842
411.137296
709.235635
1180.294963
1522.774243
1648.896012
1664.749602
1944.860492
531.509367
940.398879
463.344659
2380.209337
1907.911482
1157.039511
956.254627
697.294022
657.692483
781.176753
1249.484859
44.381041
1602.753832
2101.685837
2231.088329
2154.418171
1624.863395
6000.790712
7061.781301
1548.502558
3262.178868
2694.979676
1896.180194
504.704813
470.613711
1205.589343
879.576946
990.114694
931.934674
1384.719568
1601.294356
1096.889826
3351.041034
788.265988
554.325600
740.379353
930.975877
336.913644
386.262955
3145.756136
1495.992833
1773.503264
295.534939
915.027861
299.560019
1293.866419
1165.133313
373.003613
1154.569034
1056.223134
1596.933068
3427.509685
308.580559
583.252829
312.142156
419.882191
522.265787
309.106865
1576.181437
1304.523028
2484.528431
766.352342
1258.298222
808.471806
816.577624
889.042883
1154.464594
573.476952
955.919835
498.699156
896.522575
1002.781703
790.457851
294.328019
1205.656849
779.269626
465.323498
368.836287
307.786285
609.853358
587.924477
3144.812230
660.117192
2290.451607
2213.887334
980.819954
2547.825979
2244.437762
2936.282767
3377.961086
3393.862619
1492.001982
594.925966
2708.187284
1597.965740
1020.221931
1496.405366
173.989255
1825.019149
1029.341935
976.743657
1525.523632
1466.940499
467.107054
1685.094982
1585.522605
2284.181693
2011.245070
2606.857134
2234.527158
1348.341921
619.365305
1658.145223
2107.574891
3233.612500
2768.575565
3028.265700
7262.515677
3703.460669
2533.561955
1751.659853
1323.955210
398.916888
1719.323134
2111.235454
4560.956004
4907.657872
2358.135907
263.213915
2167.128355
517.878696
2055.081339
1122.319578
692.022575
373.114854
808.140757
783.617436
670.051615
810.594644
1657.007798
2297.038674
1853.357866
2647.795927
897.326903
7254.983506
3422.009340
3327.154461
1446.836528
1431.776387
1073.866475
1298.259825
1320.792734
1189.174444
1374.532556
1966.947282
457.041954
1325.926764
1089.635933
293.518776
234.551373
393.070227
651.207151
2972.355662
2282.374246
2016.122600
3074.950068
861.168713
545.567897
1843.654042
1377.059784
3075.849708
1423.415216
2809.066816
1580.753724
2499.871944
3129.105943
2008.286368
2697.213814
684.544848
532.728283
1264.963199
643.574860
2969.668734
3480.728550
3106.270916
3439.883843
3177.584362
1905.887925
890.145274
412.203480
1461.084434
1354.435000
1568.044355
1695.920105
584.407399
2660.364051
962.633338
483.317313
1663.701271
2130.529141
3573.181626
2004.174321
1626.548148
1997.783726
1060.845832
1051.221779
3150.186681
2289.170692
2009.487521
927.424470
196.744528
1643.845427
562.988395
1148.647542
979.460385
889.771581
850.467483
100.106307
274.676454
409.909598
507.515850
1114.782578
839.974768
1666.724037
1388.538068
1273.824121
591.521263
194.321403
2943.467575
2067.735198
1653.956509
